
s01e03

7.15, 7.16, 7.18, 7.21, 7.26, ##
0 -> 3.54

7.16, 7.17, 7.19, 7.22, 7.27, ##
3.54 -> 8.15

7.17, 7.18, 7.20, 7.23, 7.28, ##
8.15 -> 13.16

7.18, 7.19, 7.21, 7.24, 7.29, ##
13.16 -> 15.50

7.19, 7.20, 7.22, 7.25, 7.30, ##
15.50 -> 20.22

7.20, 7.21, 7.23, 7.26, 7.31, ##
20.22 -> 26.09

7.21, 7.22, 7.24, 7.27, 8.01, ##
26.09 -> 27.39

s0104
7.22, 7.23, 7.25, 7.28, 8.02, ##
0 -> 4.58

7.24, 7.25, 7.27, 7.30, 8.04, ##
4.58 -> 8.56

7.26, 7.27, 7.29, 8.01, 8.06, ##
8.56 -> 16.00

7.27, 7.28, 7.30, 8.02, 8.07, ##
16.00 -> 27.58

s0105
7.31, 8.01, 8.03, 8.06, 8.11, ##
9.58

8.03, 8.04, 8.06, 8.09, 8.14, ##
16.35

8.04, 8.05, 8.07, 8.10, 8.15, ##
22.52

8.05, 8.06, 8.08, 8.11, 8.16, ##
27.58

s0106
8.06, 8.07, 8.09, 8.12, 8.17, ##
5.21

8.08, 8.09, 8.11, 8.14, 8.19, ##
15.05

8.12, 8.13, 8.15, 8.18, 8.23, ##
24.32

8.13, 8.14, 8.16, 8.19, 8.24, ##
27.36

s0201
8.15, 8.16, 8.18, 8.21, 8.26, ##
8.49

8.16, 8.17, 8.19, 8.22, 8.27, ##
17.45

8.20, 8.21, 8.26, 8.29, 9.03, ##
27.27

s0202
8.22, 8.27, 8.29, 9.01, 9.06, ##
8.27

8.27, 8.28, 8.30, 9.02, 9.07, ##
20.28

8.28, 8.29, 8.31, 9.03, 9.08, ##
28.00


s0203
8.30, 8.31, 9.02, 9.05, 9.10, ##
9.57

9.01, 9.02, 9.04, 9.07, 9.12, ##
19.35

9.04, 9.05, 9.07, 9.10, 9.15, ##
28.00

s0204
9.08, 9.09, 9.11, 9.14, 9.19, ##
10.28

9.09, 9.10, 9.12, 9.15, 9.20, ##
19.04

9.11, 9.12, 9.14, 9.17, 9.22, ##
27.40 

s0205
9.13, 9.14, 9.16, 9.19, 9.24, ##
11.46

9.16, 9.17, 9.19, 9.22, 9.27, ##
20.48

9.18, 9.19, 9.21, 9.24, 9.29, ##
27.42

s0206
9.20, 9.21, 9.23, 9.26, 10.1, ##
10.13

9.24, 9.25, 9.27, 9.30, 10.5, ##
22.25

9.25, 9.26, 9.28, 10.1, 10.6, ##
27.45

s0301
9.26, 9.27, 9.29, 10.2, 10.7, ##
9.58

9.30, 10.1, 10.3, 10.6, 10.11, ##
20.57

10.3, 10.4, 10.06, 10.09, 10.14, ##
27.43

s0302
10.08, 10.09, 10.11, 10.14, 10.19, ##
11.31

10.10, 10.11, 10.14, 10.17, 10.23, ##
27.36

s0303
10.15, 10.16, 10.18, 10.21, ##
10.03

10.19, 10.20, 10.22, 10.25, ##
27.45

s0304
10.24, 10.25, 10.27, #10.30
10.33

10.26, 10.27, 10.29
18.13

10.28, #10.29
27.20
